01111110101010101010101010101010 01111110001010101010101010101011
01111111101010101010101010101010 01111110001010101010101010101011
11111111100000000000000000000000 01111111000000000000000000000000
11111111000000000000000000000000 11111111000000000000000000000000
10000000100000000000000000000000 00000000100000000000000000100000
00000000010000000000001000000000 10000000010000000000001000000000
01111111011111111111111111111111 01111111011111111111111111111111
00000000010000000000000000000000 00000000010000000000000000000000
11000010101111010100001000101000 00111111101100010010111101100010
11000010101110100111110101101011 10111111101100010010111101100010
11000010101110100111110101101011 01000010101111010100001000101000
11000010101110111101111111001010 10111111101100010010111101100010
00111111110000000000010000000000 10111111110000000000000010000000
11000000000001011101111000010001 01000010111101001011100011100100
11000010101111010100001000101000 00111111101100010010111101100010
00111101100011000101010101101101 00111111111011011110011001011111
11000000111010010100010101001100 00111110111000111001011000001111
10111110100101010100101110110001 11000010101000101100001011100001
11000011110100001111000111011110 11000010100010001010100100011100
10111111011000110001100011000011 10111110111100100110000010110001
00111111010000100101011100110110 10111111111101000101011011110000
10111111001101100111000001001001 11000000110101110110101010111001
11000010100110010001000011000100 11000000100101111000110111011111
11000000100111110001110000000001 11000010011001111000110100011010
01000000011111011000010001100010 11000001100001110100110001001101
11000001101100110010001010010111 11000001100100010000011000000010
01000000100111010110100101110101 01000000011110100111001111110100
01000011001101100101001001100010 10111111010111111010000000001110
11000001010010000001101001011101 01000011001100011011001000010101
11000011100110111101100101101011 11000011011011001110110000011110
00111110111111100000110001111000 11000001111000110000011011110000
11000010100110010110011110000101 00111101111100110001110010110001
10111110011010000111011111011001 10111101111101000110110101000010
01000000101110110111110110000111 01000000010101001010101100101101
10111110010000111001110001001110 11000010100110100011011011111011
01000001101001001011010101001111 01000000100100100001100000100001
10111111111010110011010010000000 10111111011011001000101011100011
11000010111001100101110001100111 10111111111110001111110000111100
01000001111001101100101011101100 01000001000011011101000111101011
00111110000100010011001011100001 11000001011000111001011110011100
10111111110000101100011010000101 11000000000011011011011000101010
10111111101100011011001100011111 11000010000011000000010000111010
11000001010010101010001011000010 01000000010101001011001010101000
11000011110000101100101000111010 10111110101011010111100001010101
10111110101010001011101001000100 11000010010101000101000000110100
11000010011110100100011001101110 01000000001100110001001011111100
11000010101101011111101000101001 11000000001001111101111001110011
00111110001110110001010101110001 00111111100011110000000110010010
01000001110101111110001001110001 01000011101110101001110000011010
11000001111111101110000011000001 11000001000010011110010100111011
11000001011100000110011110111001 00111111111111110010000101011011
01000010101011000010111111001000 11000010010001101101100101101000
10111111001010110001010000011110 01000000111011001100101100100100
